2 0.04580
3 0.04580
4 0.04580
5 0.04579
6 0.04580
7 0.07920
8 0.04579
9 0.04579
10 0.04579
11 0.04580
12 0.04579
13 0.04579
14 0.07920
15 0.04579
16 0.04579
17 0.04579
18 0.04580
19 0.04580
20 0.04579
21 0.07920
22 0.04580
23 0.04579
24 0.04579
25 0.04579
26 0.04579
27 0.04580
28 0.07920
29 0.04579
30 0.04579
31 0.04580
32 0.04579
33 0.04580
34 0.04579
35 0.07919
36 0.04579
37 0.04578
38 0.04579
39 0.04579
40 0.04578
41 0.04579
42 0.07920
43 0.04578
44 0.04580
45 0.04578
46 0.04578
47 0.04580
48 0.04579
49 0.07921
50 0.04579
51 0.04579
52 0.04578
53 0.04578
54 0.04579
55 0.04580
56 0.07918
57 0.04579
58 0.04578
59 0.04579
60 0.04579
61 0.04579
62 0.04578
63 0.07919
64 0.04579
65 0.04578
66 0.04580
67 0.04580
68 0.04580
69 0.04581
70 0.07919
71 0.04579
72 0.04578
73 0.04577
74 0.04578
75 0.04580
76 0.04579
77 0.07921
78 0.04579
79 0.04580
80 0.04577
81 0.04580
82 0.04580
83 0.04580
84 0.07919
85 0.04578
86 0.04579
87 0.04579
88 0.04578
89 0.04579
90 0.04578
91 0.07917
92 0.04579
93 0.04579
94 0.04579
95 0.04578
96 0.04579
97 0.04578
98 0.07921
99 0.04580
100 0.04578
101 0.04577
102 0.04578
103 0.04577
104 0.04578
105 0.07919
106 0.04579
107 0.04579
108 0.04578
109 0.04579
110 0.04579
111 0.04577
112 0.07916
113 0.04579
114 0.04579
115 0.04577
116 0.04576
117 0.04577
118 0.04578
119 0.07917
120 0.04578
121 0.04580
122 0.04578
123 0.04579
124 0.04577
125 0.04578
126 0.07920
127 0.04578
128 0.04578
129 0.04576
130 0.04576
131 0.04577
132 0.04579
133 0.07920
134 0.04579
135 0.04577
136 0.04578
137 0.04578
138 0.04579
139 0.04576
140 0.07919
141 0.04580
142 0.04578
143 0.04577
144 0.04578
145 0.04578
146 0.04576
147 0.07919
148 0.04576
149 0.04579
150 0.04578
151 0.04578
152 0.04578
153 0.04576
154 0.07923
155 0.04579
156 0.04578
157 0.04577
158 0.04579
159 0.04577
160 0.04575
161 0.07918
162 0.04577
163 0.04577
164 0.04577
165 0.04577
166 0.04578
167 0.04576
168 0.07918
169 0.04578
170 0.04578
171 0.04579
172 0.04579
173 0.04578
174 0.04577
175 0.07920
176 0.04577
177 0.04577
178 0.04579
179 0.04577
180 0.04576
